  6.9755355e-004
  5.5794760e-004
  8.9407310e-004
  5.7784400e-004
  5.4493364e-004
  6.8724712e-004
  5.0140636e-004
  6.9094307e-004
  5.8349211e-004
  5.5819154e-004
  6.7697562e-004
  5.0035850e-004
  6.8354824e-004
  5.6840328e-004
  6.0381408e-004
  6.9286569e-004
  5.6224447e-004
  2.9514531e-004
  4.8300900e-004
  3.2671091e-004
  5.8038237e-004
  2.5623634e-004
  4.3265730e-004
  2.8167468e-004
  6.4059123e-004
  2.1425363e-003
  4.9869810e-004
  3.3405765e-004
  6.0394802e-004
  5.5945454e-004
  5.8219625e-004
  6.1808088e-004
  6.2206471e-004
  5.3590029e-004
  6.5893061e-004
  5.3921897e-004
  6.2165420e-004
  6.0930968e-004
  5.3111155e-004
  6.6224638e-004
  5.1978882e-004
  6.1131209e-004
  8.1886227e-004
  5.0869392e-004
  7.6256462e-004
  8.0581924e-004
  8.4503425e-004
  5.3185010e-004
  7.8709933e-004
  6.5282557e-004
  5.1886486e-004
  6.5554722e-004
  5.9621733e-004
  5.8126884e-004
  6.6953009e-004
  5.0574509e-004
  6.6796586e-004
  5.7774360e-004
  5.9380437e-004
  6.5546097e-004
  6.2797133e-004
  6.1288037e-004
  6.7871950e-004
  3.4158997e-004
  4.6742326e-004
  3.1455780e-004
  5.9679156e-004
  2.9849188e-004
  4.5965119e-004
  2.6677612e-004
  5.7671127e-004
  3.2039341e-004
  5.3310802e-004
  3.9527596e-004
  7.3289629e-004
  5.7471183e-004
  8.2672889e-004
  6.7095612e-004
  2.7827015e-004
  2.9684066e-004
  6.3404918e-004
  4.9849199e-004
  6.4107330e-004
  3.0133350e-004
  2.7453044e-004
  6.3941661e-004
  5.6856927e-004
  7.3974618e-004
  7.0852789e-004
  5.3359916e-004
  6.6965381e-004
  5.9881097e-004
  6.4033866e-004
  6.5676517e-004
  5.5795216e-004
  6.5989656e-004
  7.8739351e-004
  5.9364523e-004
  9.4539169e-004
  9.1531686e-004
  4.2833270e-004
  3.9894829e-004
  5.3048233e-004
  8.8399868e-004
  5.5393591e-005
  8.2314446e-004
  6.8852933e-004
  2.7578414e-004
  2.4860547e-004
  2.5281252e-004
  6.1718199e-004
  7.4888328e-004
  6.5459477e-004
  8.2241209e-004
  6.7129119e-004
  3.2118106e-004
  2.3657541e-004
  4.9243098e-004
  6.2253629e-004
  5.2952768e-004
  6.4394657e-004
  5.3881464e-004
  2.8045947e-004
  1.0005461e-001
  3.1179868e-004
  6.2268520e-004
  7.2498853e-004
  6.0910628e-004
  6.8019121e-004
  5.4195967e-004
  2.8675156e-004
  2.9070014e-004
  6.9338781e-004
  8.5892170e-004
  7.3529588e-004
  8.2557834e-004
  6.7895805e-004
  2.6216521e-004
  2.0782759e-004
  2.4966250e-004
  6.1229044e-004
  7.5002775e-004
  6.5017034e-004
  8.1789842e-004
  6.4365574e-004
  3.2725713e-004
  4.3080736e-004
  4.7845399e-004
  6.2155281e-004
  5.3748756e-004
  6.3783886e-004
  5.5677279e-004
  2.7231379e-004
  2.7457046e-004
  3.0936191e-004
  6.3081092e-004
  7.1419062e-004
  6.0862559e-004
  6.6234506e-004
  5.4894184e-004
  2.3234016e-004
  2.1521126e-004
  3.8056161e-004
  7.0413285e-004
  8.3261413e-004
  7.0624907e-004
  8.2467151e-004
  7.7114975e-004
  6.6708650e-004
  6.0578310e-004
  6.1319496e-004
  6.3550613e-004
  7.0879670e-004
  5.0779087e-004
  2.5615534e-004
  3.1685416e-004
  7.4259879e-004
  3.1659189e-004
  2.3829185e-004
  4.3747486e-004
  5.8009477e-004
  7.8405387e-004
  6.9233685e-004
  2.9218284e-004
  2.5709820e-004
  6.0226128e-004
  4.9048861e-004
  6.4511087e-004
  3.0745095e-004
  2.3493532e-004
  5.6805418e-004
  5.1176835e-004
  7.1602818e-004
  7.3412844e-004
  5.3904541e-004
  6.7002156e-004
  5.8568294e-004
  5.8240862e-004
  6.8701441e-004
  5.7014497e-004
  6.3638146e-004
  4.2668197e-004
  7.8187649e-004
  4.8782399e-004
  8.2329749e-004
  8.2347858e-004
  8.0683264e-004
  4.9316442e-004
  8.2825446e-004
  6.4182185e-004
  4.9447961e-004
  5.5065598e-004
  5.4030889e-004
  4.9311147e-004
  6.1398866e-004
  6.7922909e-004
  5.5981188e-004
  6.8292632e-004
  5.2713557e-004
  6.1080516e-004
  8.0493812e-004
  5.0394166e-004
  7.6448157e-004
  5.9052301e-004
  3.5181228e-004
  3.8233697e-004
  4.1903421e-004
  7.3942875e-004
  5.4347129e-004
  6.2270572e-004
  6.9480735e-004
  4.9919845e-004
  6.2281520e-004
  6.4242389e-004
  4.7653700e-004
  7.0437243e-004
  5.0005353e-004
  6.4644967e-004
  6.1130559e-004
  5.0210559e-004
  6.7343454e-004
  7.0321151e-004
  3.2218129e-004
  3.7041707e-004
  8.7508133e-004
  7.9355323e-004
