  3.0048523e-003
  2.6228570e-003
  5.1262021e-003
  2.7627429e-003
  2.6324461e-003
  3.8617148e-003
  1.6237721e-003
  3.9152565e-003
  2.6253918e-003
  2.9899800e-003
  3.7295302e-003
  1.7134794e-003
  3.9859396e-003
  2.3217563e-003
  2.8822998e-003
  4.0836845e-003
  2.0003069e-003
  1.2361018e-003
  2.6744071e-003
  1.9182175e-003
  2.9639232e-003
  9.6797782e-004
  1.9301340e-003
  1.6901965e-003
  3.4376431e-003
  1.4854156e-003
  1.7565596e-003
  1.4147741e-003
  3.2927483e-003
  2.7539968e-003
  2.1510711e-003
  3.6978097e-003
  3.0304547e-003
  2.5301230e-003
  3.8695961e-003
  1.8156204e-003
  3.8028973e-003
  2.7652580e-003
  2.7958549e-003
  3.7854158e-003
  1.8067467e-003
  3.7465874e-003
  4.0816540e-003
  1.8718188e-003
  4.6709318e-003
  4.6993883e-003
  4.0374409e-003
  1.9161251e-003
  4.6787078e-003
  3.4190924e-003
  1.9200212e-003
  3.9057666e-003
  2.1737594e-003
  3.2593374e-003
  3.3494300e-003
  2.0876034e-003
  3.8709800e-003
  1.9217420e-003
  3.4176656e-003
  3.0956628e-003
  2.1765784e-003
  3.7586599e-003
  2.5183574e-003
  1.0250914e-003
  2.0238622e-003
  1.8889916e-003
  3.4915273e-003
  1.2976678e-003
  1.4278328e-003
  1.4403374e-003
  3.5442939e-003
  1.6390097e-003
  1.8321141e-003
  1.2633434e-003
  2.8542705e-003
  3.1931241e-003
  4.0791916e-003
  3.1452496e-003
  1.0481823e-003
  1.5895130e-003
  3.6650569e-003
  2.8574675e-003
  3.5584339e-003
  1.5267064e-003
  1.0015022e-003
  3.1128670e-003
  2.9437371e-003
  4.1910234e-003
  3.5342781e-003
  1.9385547e-003
  3.8628977e-003
  1.9668991e-003
  3.3175902e-003
  3.2235939e-003
  2.1306850e-003
  3.7859940e-003
  3.1450037e-003
  2.2350266e-003
  5.3226481e-003
  4.4479884e-003
  1.9024989e-003
  2.4876658e-003
  3.0748288e-003
  4.7864030e-003
  4.0875395e-003
  4.1876888e-003
  3.3519442e-003
  1.1336068e-003
  6.7184833e-004
  1.3549106e-003
  3.6753934e-003
  4.5417282e-003
  3.9610442e-003
  4.9272711e-003
  4.0176439e-003
  1.8345873e-003
  7.7259010e-004
  1.9085683e-003
  2.6561855e-003
  2.3623826e-003
  3.3057182e-003
  2.8953409e-003
  1.6888693e-003
  1.9117349e-003
  1.5503834e-003
  2.4600779e-003
  2.7464884e-003
  2.2008814e-003
  2.1675538e-003
  1.6072462e-003
  8.4601542e-004
  1.6906457e-003
  3.8707839e-003
  4.6870027e-003
  3.9735988e-003
  4.1379829e-003
  3.2621955e-003
  1.0668154e-003
  7.3174658e-004
  1.3534226e-003
  3.6647144e-003
  4.5330045e-003
  3.9262591e-003
  4.9244881e-003
  3.8776267e-003
  1.8439962e-003
  7.8355223e-004
  1.7230518e-003
  2.5283761e-003
  2.2498058e-003
  3.1673048e-003
  2.9173435e-003
  1.5980578e-003
  1.6568238e-003
  1.5198243e-003
  2.6073791e-003
  2.7527168e-003
  2.2704756e-003
  2.1761031e-003
  1.6906253e-003
  7.9173521e-004
  2.4300621e-003
  1.9050979e-003
  4.0909179e-003
  4.6986168e-003
  3.9775231e-003
  4.3460711e-003
  3.9592918e-003
  2.5632338e-003
  1.8276412e-003
  3.0174984e-003
  3.7026982e-003
  3.9840892e-003
  2.3011960e-003
  7.2870691e-004
  1.8264121e-003
  4.3961059e-003
  1.7084311e-003
  7.5620949e-004
  2.1445159e-003
  3.3915588e-003
  4.1721382e-003
  3.5850950e-003
  1.3326382e-003
  1.3640425e-003
  3.5300416e-003
  2.9041808e-003
  3.7188709e-003
  1.6753903e-003
  1.0524934e-003
  2.6485438e-003
  2.6159785e-003
  4.1493074e-003
  4.0286775e-003
  1.6613727e-003
  4.0459026e-003
  2.2707352e-003
  3.2524538e-003
  3.6490588e-003
  1.9247166e-003
  4.0171096e-003
  2.3635030e-003
  3.6119894e-003
  1.9964295e-003
  5.0974623e-003
  4.6062575e-003
  3.5732909e-003
  2.3116716e-003
  5.2158664e-003
  3.2089859e-003
  2.0433721e-003
  4.2565276e-003
  1.7296084e-003
  3.7930766e-003
  3.1802053e-003
  2.5314202e-003
  4.0860449e-003
  1.5249724e-003
  3.5943753e-003
  2.6108572e-003
  3.4352519e-003
  2.1314265e-003
  3.8772111e-003
  3.1742354e-003
  1.4835117e-003
  2.2252174e-003
  1.5089788e-003
  4.1718034e-003
  2.6333051e-003
  2.9517082e-003
  4.1554385e-003
  2.2137386e-003
  3.3712915e-003
  3.6040064e-003
  1.9508413e-003
  4.1911351e-003
  1.8808313e-003
  3.6608148e-003
  3.3548350e-003
  2.2693139e-003
  3.9518673e-003
  3.0232850e-003
  1.0570050e-003
  1.5510836e-003
  5.2217076e-003
  4.3691817e-003
