  1.3136377e-003
  1.3509237e-003
  4.3705574e-004
  1.0852766e-003
  7.5044919e-004
  1.1795151e-003
  1.0036569e-003
  6.3262472e-004
  9.0671782e-004
  8.5283610e-004
  1.3192329e-003
  8.6787935e-004
  7.2722126e-004
  9.1591871e-004
  7.1086580e-004
  1.0284023e-003
  6.0629426e-004
  1.4194837e-003
  1.1358230e-003
  1.8886914e-003
  8.9816521e-004
  1.1599143e-003
  7.2895592e-004
  1.6740765e-003
  1.0800464e-003
  1.9703737e-003
  9.0494545e-004
  1.0288331e-003
  7.6405954e-004
  1.2239797e-003
  5.5149933e-004
  1.0296752e-003
  6.9461730e-004
  9.2858414e-004
  9.3590483e-004
  7.0000213e-004
  1.1021856e-003
  6.9352246e-004
  1.0264987e-003
  8.6480478e-004
  7.8812985e-004
  1.2782965e-003
  4.7421873e-004
  1.6180002e-003
  1.2947032e-003
  7.3205970e-004
  1.4076319e-003
  1.6051551e-003
  6.4873013e-004
  1.4983782e-003
  7.9416661e-004
  8.2785137e-004
  9.8005331e-004
  9.0775387e-004
  1.2774095e-003
  6.2265000e-004
  9.3452328e-004
  9.2323622e-004
  9.5801421e-004
  1.2488947e-003
  4.9278477e-004
  1.1707321e-003
  6.8458089e-004
  1.2718873e-003
  1.1008021e-003
  2.0539214e-003
  1.0910514e-003
  1.4447692e-003
  6.9412427e-004
  1.5201310e-003
  1.1383826e-003
  2.1259499e-003
  1.0655062e-003
  1.2525739e-003
  7.6191776e-004
  1.6238033e-003
  7.2601522e-004
  5.5280623e-004
  2.0125023e-003
  2.0344336e-003
  5.5695477e-004
  1.0981020e-003
  9.2170797e-004
  1.8676202e-003
  1.4824916e-003
  2.6838835e-004
  1.5877302e-003
  9.2311300e-004
  6.4504495e-004
  1.4283753e-003
  1.0801064e-003
  1.0112619e-003
  6.2237026e-004
  1.0399203e-003
  1.1925212e-003
  1.0436062e-003
  7.0239857e-004
  6.7664155e-004
  1.3512479e-003
  1.4033820e-003
  2.2856111e-003
  2.1499633e-003
  2.2469029e-003
  5.0742507e-004
  4.8742370e-005
  4.9496573e-004
  7.6301265e-004
  1.6430022e-003
  1.6028535e-003
  1.8926693e-003
  1.1354541e-003
  5.3227222e-004
  7.0958286e-004
  4.5688967e-004
  1.2199522e-003
  1.6684977e-003
  1.4259520e-003
  8.1130329e-004
  5.2893992e-004
  1.0243576e-003
  4.8334925e-004
  9.8706897e-004
  1.0491358e-003
  3.5630092e-002
  6.3000608e-004
  7.1854321e-004
  6.1839972e-004
  9.5438747e-004
  3.3951561e-004
  1.3033909e-003
  2.1073505e-003
  2.4011763e-003
  1.2568532e-003
  3.1276521e-004
  7.7801114e-004
  6.5355476e-004
  7.0646978e-004
  1.2073346e-003
  1.0866632e-003
  1.2865210e-003
  7.9518088e-004
  6.0650540e-004
  8.3409452e-004
  2.7971925e-004
  1.3498757e-003
  1.1944475e-003
  1.0034055e-003
  1.2081457e-003
  4.3528576e-004
  5.2699700e-004
  4.5091136e-004
  1.1789003e-003
  2.0322645e-003
  1.6868298e-003
  1.7558079e-003
  8.1882272e-004
  5.2627433e-004
  9.8827548e-004
  5.5283942e-004
  6.8008683e-004
  1.3856512e-003
  1.4015259e-003
  1.7362284e-003
  1.0803758e-003
  5.4793420e-004
  7.1349873e-004
  3.9621430e-004
  8.1567222e-004
  1.1209505e-003
  9.2824666e-004
  1.2519121e-003
  1.5308139e-003
  1.3197142e-003
  1.6588461e-003
  1.1838360e-003
  1.1453786e-003
  8.5380990e-004
  1.5440371e-003
  1.7138127e-003
  1.6389398e-003
  1.0900972e-003
  4.6176783e-004
  5.1086880e-004
  1.8162676e-003
  1.6809457e-003
  6.9998394e-004
  1.3172133e-003
  6.8981008e-004
  1.4693830e-003
  1.4822120e-003
  3.6982328e-004
  1.8064197e-003
  1.0558938e-003
  6.3076535e-004
  8.7585350e-004
  1.3271400e-003
  1.3481661e-003
  7.9440023e-004
  9.1094958e-004
  9.1091885e-004
  1.6030022e-003
  2.9818623e-003
  9.6371069e-004
  1.2741282e-003
  1.4505933e-003
  1.1387208e-003
  1.4149090e-003
  1.4076861e-003
  6.7976355e-004
  1.2636063e-003
  9.6530841e-004
  8.3035000e-004
  7.8042095e-004
  9.5814418e-004
  1.1557580e-003
  1.0240779e-003
  7.4497957e-004
  7.8634162e-004
  9.7384783e-004
  1.0312770e-003
  8.1586652e-004
  7.9934150e-004
  8.9320370e-004
  1.0804445e-003
  1.7712932e-003
  1.7145590e-003
  9.4679795e-004
  8.2268250e-004
  9.0619807e-004
  8.5588374e-004
  8.9586829e-004
  5.4978137e-004
  8.6664561e-004
  1.0556415e-003
  1.0620445e-003
  9.3872653e-004
  5.3989176e-004
  9.3436143e-004
  9.0187215e-004
  9.1965683e-004
  1.0347793e-003
  4.2354480e-004
  1.5231220e-003
  1.5192469e-003
  1.0015608e-003
  7.8264465e-004
